EA8     2.876353   2.942615
EA10    3.687851   3.687851   3.705398   3.710398
EA51    2.681621   2.681812
EA72    2.643717   2.646194   2.654423   2.656740   3.746799   3.746799   3.749276   3.749276
EA80    2.621004   2.621743
EA118   2.650597   2.654591   2.657956   2.667112   3.753391   3.753391   3.763269   3.763269
EA155   2.395731   2.395826
EA172   2.426389
EA228   2.405006
EA241   3.821338   3.821369   3.821614   3.821802   3.825899   3.825899
EA255   2.457014   2.472640
EA262   2.434432
EA270   2.415168   2.415227
EA281   2.644391   2.645707   2.645951   2.646842   3.740434   3.740434   3.742799   3.742799
EA283   2.525490   2.748892   3.751191   3.751191
EA298   2.489512   3.260127
EA310   2.613142   2.613590
EA313   2.642280   2.645130   2.647683   2.647824   3.741520   3.741520   3.741734   3.741734
EA320   2.670903   2.671244   2.671975   2.673684   3.750053   3.750053   3.807127   3.807127
EA329   2.589340   2.591063   3.796491   3.796491
EA334   2.646483   2.646665   2.646873   2.647931   3.743128   3.743128   3.743676   3.743676
EA339   2.633057   2.633832
EA349   2.644939   2.645712   2.646897   2.647412   3.742209   3.742209   3.742487   3.742487
EA352   2.640827   2.647845   2.648278   2.650637   3.742480   3.742480   3.744064   3.744064
EA356   2.892831   2.929735
EA357   2.647695   2.650880   2.651439   2.652772   3.745125   3.745125   3.752147   3.752147
EA364   2.894227   2.928720
EA365   2.640967   2.643222
EA373   2.664202   2.748775
EA375   2.510033   2.510150   3.726926   3.727027   3.762499   3.762499
EA383   3.409077   3.409836   3.409970   3.410517
EA396   2.501375   3.120953
EA399   2.644958   2.647114   2.649353   2.650304   3.744678   3.744678   3.744803   3.744803
EA406   3.424439   3.424484   3.424513   3.424540
EA454   2.552554   2.555881   3.657814   3.664732   3.823883   3.823883   3.947404   3.947404
EA462   2.642437   2.646215   2.648042   2.651864   3.743410   3.743410   3.743832   3.743832
EA487   2.335407   2.444449   3.799717   3.810892
EA489   2.553061   2.554010   3.654088   3.655048   3.820237   3.820237   3.940381   3.940381
EA535   2.641593   2.642340
EA538   2.663180   2.665009   2.677606   2.680331   3.749874   3.749874   3.806153   3.806153
EA540   2.644006   2.715769   3.946020   3.946020
EA561   2.646238   2.646582   2.647944   2.648670   3.742350   3.742350   3.745484   3.745484
EA573   3.799240   3.799637   3.893450   3.893450
EA582   2.614880   2.615152
EA592   2.497383   3.096000
EA594   3.420155   3.420248   3.428577   3.428869
EA605   2.642423   2.644310   2.648829   2.648972   3.742145   3.742145   3.742254   3.742254
EA614   2.645467   2.645655   2.647578   2.649805   3.742894   3.742894   3.744308   3.744308
EA623   2.736087   2.736889   3.692711   3.692711   3.702424
EA632   2.622408   2.633041
EA643   3.425946   3.426376   3.426758   3.427201
EA654   2.723362   2.728582
EA661   3.618631   3.618631   3.709672   3.709707
EA665   2.732693   2.735504   3.693966   3.693966   3.703008
EA675   2.554595   2.964031   3.985627   3.985627
EA689   2.485190   2.485868
EA692   2.307535   2.448046
EA696   3.662126   3.866232   3.874085   3.874085   3.875573
EA8     2.876353   2.942615
EA10    3.687851   3.687851   3.705398   3.710398
EA51    2.681621   2.681812
EA72    2.643717   2.646194   2.654423   2.656740   3.746799   3.746799   3.749276   3.749276
EA80    2.621004   2.621743
EA118   2.650597   2.654591   2.657956   2.667112   3.753391   3.753391   3.763269   3.763269
EA155   2.395731   2.395826
EA172   2.426389
EA228   2.405006
EA241   3.821338   3.821369   3.821614   3.821802   3.825899   3.825899
EA255   2.457014   2.472640
EA262   2.434432
EA270   2.415168   2.415227
EA281   2.644391   2.645707   2.645951   2.646842   3.740434   3.740434   3.742799   3.742799
EA283   2.525490   2.748892   3.751191   3.751191
EA298   2.489512   3.260127
EA310   2.613142   2.613590
EA313   2.642280   2.645130   2.647683   2.647824   3.741520   3.741520   3.741734   3.741734
EA320   2.670903   2.671244   2.671975   2.673684   3.750053   3.750053   3.807127   3.807127
EA329   2.589340   2.591063   3.796491   3.796491
EA334   2.646483   2.646665   2.646873   2.647931   3.743128   3.743128   3.743676   3.743676
EA339   2.633057   2.633832
EA349   2.644939   2.645712   2.646897   2.647412   3.742209   3.742209   3.742487   3.742487
EA352   2.640827   2.647845   2.648278   2.650637   3.742480   3.742480   3.744064   3.744064
EA356   2.892831   2.929735
EA357   2.647695   2.650880   2.651439   2.652772   3.745125   3.745125   3.752147   3.752147
EA364   2.894227   2.928720
EA365   2.640967   2.643222
EA373   2.664202   2.748775
EA375   2.510033   2.510150   3.726926   3.727027   3.762499   3.762499
EA383   3.409077   3.409836   3.409970   3.410517
EA396   2.501375   3.120953
EA399   2.644958   2.647114   2.649353   2.650304   3.744678   3.744678   3.744803   3.744803
EA406   3.424439   3.424484   3.424513   3.424540
EA454   2.552554   2.555881   3.657814   3.664732   3.823883   3.823883   3.947404   3.947404
EA462   2.642437   2.646215   2.648042   2.651864   3.743410   3.743410   3.743832   3.743832
EA487   2.335407   2.444449   3.799717   3.810892
EA489   2.553061   2.554010   3.654088   3.655048   3.820237   3.820237   3.940381   3.940381
EA535   2.641593   2.642340
EA538   2.663180   2.665009   2.677606   2.680331   3.749874   3.749874   3.806153   3.806153
EA540   2.644006   2.715769   3.946020   3.946020
EA561   2.646238   2.646582   2.647944   2.648670   3.742350   3.742350   3.745484   3.745484
EA573   3.799240   3.799637   3.893450   3.893450
EA582   2.614880   2.615152
EA592   2.497383   3.096000
EA594   3.420155   3.420248   3.428577   3.428869
EA605   2.642423   2.644310   2.648829   2.648972   3.742145   3.742145   3.742254   3.742254
EA614   2.645467   2.645655   2.647578   2.649805   3.742894   3.742894   3.744308   3.744308
EA623   2.736087   2.736889   3.692711   3.692711   3.702424
EA632   2.622408   2.633041
EA643   3.425946   3.426376   3.426758   3.427201
EA654   2.723362   2.728582
EA661   3.618631   3.618631   3.709672   3.709707
EA665   2.732693   2.735504   3.693966   3.693966   3.703008
EA675   2.554595   2.964031   3.985627   3.985627
EA689   2.485190   2.485868
EA692   2.307535   2.448046
EA696   3.662126   3.866232   3.874085   3.874085   3.875573
EA8     2.876353   2.942615
EA10    3.687851   3.687851   3.705398   3.710398
EA51    2.681621   2.681812
EA72    2.643717   2.646194   2.654423   2.656740   3.746799   3.746799   3.749276   3.749276
EA80    2.621004   2.621743
EA118   2.650597   2.654591   2.657956   2.667112   3.753391   3.753391   3.763269   3.763269
EA155   2.395731   2.395826
EA172   2.426389
EA228   2.405006
EA241   3.821338   3.821369   3.821614   3.821802   3.825899   3.825899
EA255   2.457014   2.472640
EA262   2.434432
EA270   2.415168   2.415227
EA281   2.644391   2.645707   2.645951   2.646842   3.740434   3.740434   3.742799   3.742799
EA283   2.525490   2.748892   3.751191   3.751191
EA298   2.489512   3.260127
EA310   2.613142   2.613590
EA313   2.642280   2.645130   2.647683   2.647824   3.741520   3.741520   3.741734   3.741734
EA320   2.670903   2.671244   2.671975   2.673684   3.750053   3.750053   3.807127   3.807127
EA329   2.589340   2.591063   3.796491   3.796491
EA334   2.646483   2.646665   2.646873   2.647931   3.743128   3.743128   3.743676   3.743676
EA339   2.633057   2.633832
EA349   2.644939   2.645712   2.646897   2.647412   3.742209   3.742209   3.742487   3.742487
EA352   2.640827   2.647845   2.648278   2.650637   3.742480   3.742480   3.744064   3.744064
EA356   2.892831   2.929735
EA357   2.647695   2.650880   2.651439   2.652772   3.745125   3.745125   3.752147   3.752147
EA364   2.894227   2.928720
EA365   2.640967   2.643222
EA373   2.664202   2.748775
EA375   2.510033   2.510150   3.726926   3.727027   3.762499   3.762499
EA383   3.409077   3.409836   3.409970   3.410517
EA396   2.501375   3.120953
EA399   2.644958   2.647114   2.649353   2.650304   3.744678   3.744678   3.744803   3.744803
EA406   3.424439   3.424484   3.424513   3.424540
EA454   2.552554   2.555881   3.657814   3.664732   3.823883   3.823883   3.947404   3.947404
EA462   2.642437   2.646215   2.648042   2.651864   3.743410   3.743410   3.743832   3.743832
EA487   2.335407   2.444449   3.799717   3.810892
EA489   2.553061   2.554010   3.654088   3.655048   3.820237   3.820237   3.940381   3.940381
EA535   2.641593   2.642340
EA538   2.663180   2.665009   2.677606   2.680331   3.749874   3.749874   3.806153   3.806153
EA540   2.644006   2.715769   3.946020   3.946020
EA561   2.646238   2.646582   2.647944   2.648670   3.742350   3.742350   3.745484   3.745484
EA573   3.799240   3.799637   3.893450   3.893450
EA582   2.614880   2.615152
EA592   2.497383   3.096000
EA594   3.420155   3.420248   3.428577   3.428869
EA605   2.642423   2.644310   2.648829   2.648972   3.742145   3.742145   3.742254   3.742254
EA614   2.645467   2.645655   2.647578   2.649805   3.742894   3.742894   3.744308   3.744308
EA623   2.736087   2.736889   3.692711   3.692711   3.702424
EA632   2.622408   2.633041
EA643   3.425946   3.426376   3.426758   3.427201
EA654   2.723362   2.728582
EA661   3.618631   3.618631   3.709672   3.709707
EA665   2.732693   2.735504   3.693966   3.693966   3.703008
EA675   2.554595   2.964031   3.985627   3.985627
EA689   2.485190   2.485868
EA692   2.307535   2.448046
EA696   3.662126   3.866232   3.874085   3.874085   3.875573
